=========== ANALISIS DE COMPATIBILIDAD GLOBAL (como mucho 1 variable fuera) ===========

I_0.txt Compatible con la media en los tramos:

[1573, 2482]
[2488, 2581]
[2587, 2857]
[2866, 2893]
[2899, 2905]
[2911, 3175]
[3181, 3466]
[3472, 3580]
[3586, 3835]
[3841, 4069]
[4075, 4384]
[4390, 4777]
[4783, 4849]
[4855, 4996]

I_1.txt Compatible con la media en los tramos:

[1573, 1909]
[1915, 2812]
[2818, 2992]
[2998, 3229]
[3235, 3544]
[3550, 4330]
[4336, 4996]

I_2.txt Compatible con la media en los tramos:

[1573, 1624]
[1630, 1699]
[1708, 1891]
[1897, 2017]
[2023, 2032]
[2038, 2332]
[2338, 2347]
[2353, 2371]
[2377, 2692]
[2701, 3061]
[3067, 3361]
[3367, 3511]
[3517, 3595]
[3601, 3676]
[3682, 3910]
[3916, 4537]
[4546, 4546]
[4552, 4996]

I_3.txt Compatible con la media en los tramos:

[1573, 2017]
[2023, 2332]
[2338, 2428]
[2434, 2647]
[2653, 3085]
[3094, 3400]
[3409, 4030]
[4036, 4141]
[4150, 4459]
[4465, 4996]

I_4.txt Compatible con la media en los tramos:

[1573, 1894]
[1903, 2209]
[2218, 2464]
[2470, 2779]
[2785, 3139]
[3145, 3160]
[3166, 3265]
[3271, 3580]
[3586, 3667]
[3673, 3850]
[3856, 3961]
[3967, 3982]
[3988, 4276]
[4282, 4996]

I_5.txt Compatible con la media en los tramos:

[1573, 1900]
[1906, 3415]
[3421, 3550]
[3556, 4309]
[4315, 4714]
[4729, 4996]

I_6.txt Compatible con la media en los tramos:

[1573, 1651]
[1657, 2476]
[2482, 2740]
[2746, 2857]
[2863, 3190]
[3199, 3214]
[3220, 3436]
[3442, 3526]
[3538, 3538]
[3547, 3562]
[3568, 3568]
[3574, 3667]
[3673, 3832]
[3838, 3982]
[3988, 4156]
[4162, 4291]
[4297, 4297]
[4303, 4525]
[4531, 4543]
[4552, 4612]
[4618, 4927]
[4933, 4996]

I_7.txt Compatible con la media en los tramos:

[1573, 1897]
[1903, 2212]
[2218, 2449]
[2455, 2527]
[2533, 2764]
[2770, 3109]
[3115, 3199]
[3205, 3370]
[3379, 4087]
[4093, 4504]
[4510, 4690]
[4696, 4996]

I_8.txt Compatible con la media en los tramos:

[1573, 1699]
[1705, 1771]
[1777, 1885]
[1891, 2011]
[2020, 2200]
[2206, 2482]
[2488, 2515]
[2521, 4468]
[4474, 4996]

I_9.txt Compatible con la media en los tramos:

[1573, 1807]
[1813, 2662]
[2671, 2689]
[2695, 2836]
[2842, 2977]
[2983, 3292]
[3298, 3571]
[3577, 4312]
[4321, 4627]
[4636, 4846]
[4855, 4996]

I_10.txt Compatible con la media en los tramos:

[1573, 1630]
[1636, 1870]
[1876, 2104]
[2116, 2170]
[2182, 2983]
[2992, 3298]
[3304, 3508]
[3520, 3547]
[3556, 3640]
[3646, 3823]
[3832, 3862]
[3868, 3955]
[3961, 4270]
[4276, 4702]
[4708, 4876]
[4882, 4897]
[4903, 4996]

I_11.txt Compatible con la media en los tramos:

[1573, 1723]
[1729, 1915]
[1921, 1975]
[1981, 2164]
[2170, 2230]
[2236, 2317]
[2323, 2545]
[2551, 2632]
[2638, 2788]
[2794, 2857]
[2863, 3367]
[3373, 3583]
[3589, 3601]
[3607, 4225]
[4231, 4996]

I_12.txt Compatible con la media en los tramos:

[1573, 1684]
[1690, 1867]
[1873, 2293]
[2299, 2605]
[2611, 3034]
[3040, 3274]
[3280, 3346]
[3355, 3664]
[3670, 3967]
[3979, 3988]
[3994, 4282]
[4288, 4288]
[4294, 4759]
[4765, 4972]
[4978, 4996]

I_13.txt Compatible con la media en los tramos:

[1573, 2227]
[2233, 2659]
[2665, 2677]
[2683, 2860]
[2866, 2974]
[2980, 3175]
[3181, 3583]
[3589, 3718]
[3724, 3910]
[3916, 4225]
[4231, 4483]
[4489, 4552]
[4558, 4957]
[4963, 4996]

I_14.txt Compatible con la media en los tramos:

[1573, 1738]
[1744, 2641]
[2647, 3181]
[3190, 3487]
[3493, 3496]
[3502, 3568]
[3577, 3883]
[3892, 4198]
[4204, 4462]
[4468, 4996]

I_15.txt Compatible con la media en los tramos:

[1573, 3103]
[3112, 3286]
[3292, 3601]
[3607, 3919]
[3925, 3934]
[3940, 4372]
[4378, 4549]
[4555, 4765]
[4771, 4996]

I_16.txt Compatible con la media en los tramos:

[1573, 3568]
[3574, 4660]
[4672, 4930]
[4936, 4978]
[4984, 4996]

I_17.txt Compatible con la media en los tramos:

[1573, 2578]
[2584, 2815]
[2821, 3031]
[3037, 3424]
[3430, 3481]
[3487, 3514]
[3520, 4015]
[4021, 4054]
[4060, 4684]
[4690, 4885]
[4891, 4996]

I_18.txt Compatible con la media en los tramos:

[1573, 2119]
[2125, 2149]
[2155, 2302]
[2308, 2434]
[2440, 2590]
[2596, 3409]
[3421, 3499]
[3505, 3577]
[3583, 3790]
[3796, 4654]
[4660, 4738]
[4744, 4981]
[4987, 4996]

I_19.txt Compatible con la media en los tramos:

[1573, 2059]
[2065, 2374]
[2380, 3013]
[3019, 3145]
[3154, 3298]
[3304, 3580]
[3586, 3841]
[3847, 3871]
[3883, 4039]
[4045, 4189]
[4195, 4996]

